943
454
557
909
278
517
980
83
768
887
393
860
514
907
380
134
946
197
669
887
575
928
377
202
278
431
291
888
631
37
1000
497
974
275
879
459
46
431
790
52
703
795
743
633
731
191
54
725
45
9
124
480
872
722
24
992
957
907
420
985
775
809
511
115
330
400
413
343
449
644
831
742
156
533
559
608
383
249
424
48
749
199
882
998
657
481
287
853
538
3
528
849
157
622
574
332
529
16
279
7
631
302
929
664
904
947
308
642
386
943
997
121
463
942
84
116
496
412
670
935
511
886
529
230
579
821
121
85
696
852
820
502
626
794
119
779
770
770
559
152
221
567
481
946
202
87
357
7
280
0
291
155
429
363
955
196
820
122
608
623
600
257
445
22
487
636
467
739
870
261
600
999
919
946
127
641
698
900
307
280
259
383
888
339
903
420
580
423
851
349
592
247
822
523
971
308
149
111
405
477
284
28
284
653
773
487
11
778
911
941
769
699
634
460
831
971
986
664
376
972
945
229
183
998
282
687
717
585
946
344
645
623
661
284
354
853
913
104
764
797
385
241
443
471
369
126
91
131
85
80
368
805
146
46
927
842
796
742
529
389
244
564
390
258
577
282
530
130
498
174
686
928
474
73
182
755
850
269
981
786
19
592
514
940
263
430
614
23
622
105
617
700
489
821
743
181
417
44
227
394
805
605
70
892
170
166
529
675
929
315
592
282
817
92
419
880
316
131
473
764
509
100
761
707
767
816
176
840
474
104
484
533
840
691
92
641
123
740
960
721
118
874
957
651
997
401
997
382
171
799
586
206
707
225
589
379
312
178
886
995
752
85
862
289
75
16
569
114
644
773
398
243
256
768
448
733
497
547
800
573
938
744
443
84
505
386
842
554
604
1
137
654
108
992
831
940
790
145
691
337
879
541
358
580
235
85
726
870
13
174
850
244
197
11
47
877
949
583
831
3
489
305
187
762
274
13
298
162
153
43
933
687
847
70
731
199
42
689
314
359
525
986
749
589
739
278
693
63
13
561
70
336
502
134
884
369
199
817
772
326
382
599
676
47
786
42
587
555
35
296
817
85
215
76
506
631
971
597
510
797
569
943
247
698
995
112
776
730
286
756
889
117
767
641
823
812
357
193
239
263
516
784
212
363
532
842
436
348
396
900
470
207
571
675
961
485
530
30
352
394
185
765
907
524
412
223
630
26
156
272
257
982
313
508
629
199
233
11
836
866
598
803
302
202
347
364
445
229
165
964
22
482
765
503
620
680
459
922
224
972
948
564
875
628
898
417
597
845
578
629
125
184
902
99
727
57
352
73
741
569
536
878
929
864
40
171
170
995
705
881
446
970
656
488
589
53
647
78
541
993
900
482
683
600
479
687
811
494
399
1
535
707
360
693
175
290
595
505
426
311
397
255
261
28
836
718
162
215
886
121
141
963
999
86
227
123
272
291
190
476
184
249
533
495
148
382
835
55
488
375
729
944
823
301
685
81
384
974
948
440
545
674
615
53
700
265
744
500
839
761
656
572
324
82
964
462
785
429
430
364
638
231
355
981
902
504
857
445
487
97
331
218
722
978
414
978
682
523
861
245
840
913
359
270
654
42
699
156
144
804
884
776
805
408
276
12
38
194
964
973
120
509
414
360
117
475
926
393
710
942
569
274
388
63
464
617
517
558
401
910
614
983
888
359
876
565
865
282
4
654
84
83
785
170
110
514
518
975
197
254
758
256
442
615
349
238
30
191
865
334
244
271
851
563
95
689
124
233
258
858
884
105
846
671
555
394
341
40
921
835
116
524
205
966
907
582
253
443
509
577
776
544
494
819
144
607
304
853
330
646
937
549
303
34
508
725
226
765
559
193
98
852
554
532
106
351
13
171
405
563
71
542
112
327
181
776
806
127
359
544
318
48
90
302
348
84
147
435
766
70
764
88
241
161
810
85
135
975
933
841
304
234
20
171
846
193
976
467
976
999
204
932
218
999
667
430
746
589
715
568
321
267
927
608
548
991
688
77
56
530
443
824
868
179
487
327
866
165
292
744
170
842
213
290
906
604
289
147
895
226
912
995
221
610
802
650
164
347
146
296
268
600
121
597
487
382
525
538
869
537
738
312
858
352
640
591
235
674
842
89
12
696
395
671
940
805
182
127
144
418
233
45
572
270
223
801
998
474
343
500
114
290
890
108
693
275
207
445
856
804
634
786
124
420
866
438
28
259
607
323
247
742
835
280
293
34
184
937
614
280
838
627
321
578
555
57
103
609
672
401
